AA AA AA AA AA AA AA AA AA AA AA AA AA AA AA AA AA AA AA AA AA AA AA AA AA AA AA AA AA AA 00 AA 

//SOS键  0x1A201
AA 00 00 00 01 01 00 01 00 00 00 01 00 00 00 00 00 00 00 00 00 00 00 00 01 00 
AA 00 00 00 01 01 00 01 00 00 00 01 00 00 00 00 00 00 00 00 00 00 00 00 01 00 
AA 00 00 00 01 01 00 01 00 00 00 01 00 00 00 00 00 00 00 00 00 00 00 00 01 00 

//锁键 	0x1A204
AA 00 00 00 01 01 00 01 00 00 00 01 00 00 00 00 00 00 00 00 00 00 01 00 00 00 
AA 00 00 00 01 01 00 01 00 00 00 01 00 00 00 00 00 00 00 00 00 00 01 00 00 00 

//HOME键
AA 00 00 00 01 01 00 01 00 00 00 01 00 00 00 00 00 00 00 00 00 01 00 00 00 00 
AA 00 00 00 01 01 00 01 00 00 00 01 00 00 00 00 00 00 00 00 00 01 00 00 00 00 
AA 00 00 00 01 01 00 01 00 00 00 01 00 00 00 00 00 00 00 00 00 01 00 00 00 00 

//解锁键 0x1A202
AA 00 00 00 01 01 00 01 00 00 00 01 00 00 00 00 00 00 00 00 00 00 00 01 00 00 
AA 00 00 00 01 01 00 01 00 00 00 01 00 00 00 00 00 00 00 00 00 00 00 01 00 00 
AA 00 00 00 01 01 00 01 00 00 00 01 00 00 00 00 00 00 00 00 00 00 00 01 00 00 
AA 00 00 00 01 01 00 01 00 00 00 01 00 00 00 00 00 00 00 00 00 00 00 01 00 00 


//门禁 0xF3
AA 01 01 01 01 00 00 01 01 01 01 00 00 01 01 01 00 00 01 01 00 01 01 01 00 00 
AA 01 01 01 01 00 00 01 01 01 01 00 00 01 01 01 00 00 01 01 00 01 01 01 00 00 
AA 01 01 01 01 00 00 01 01 01 01 00 00 01 01 01 00 00 01 01 00 01 01 01 00 00 
AA 01 01 01 01 00 00 01 01 01 01 00 00 01 01 01 00 00 01 01 00 01 01 01 00 00 

//白色433遥控解锁
AA 00 01 01 01 01 01 01 00 00 01 01 00 00 00 01 01 01 00 00 01 00 00 01 00 00 
AA 00 01 01 01 01 01 01 00 00 01 01 00 00 00 01 01 01 00 00 01 00 00 01 00 00 AA 
AA 00 01 01 01 01 01 01 00 00 01 01 00 00 00 01 01 01 00 00 01 00 00 01 00 00 
AA 00 01 01 01 01 01 01 00 00 01 01 00 00 00 01 01 01 00 00 01 00 00 01 00 00 
AA 00 01 01 01 01 01 01 00 00 01 01 00 00 00 01 01 01 00 00 01 00 00 01 00 00 AA 
AA 00 01 01 01 01 01 01 00 00 01 01 00 00 00 01 01 01 00 00 01 00 00 01 00 00 
AA 00 01 01 01 01 01 01 00 00 01 01 00 00 00 01 01 01 00 00 01 00 00 01 00 00 AA AA 00 01 01 01 01 01 01 00 00 01 01 00 00 00 01 01 01 00 00 01 00 00 01 00 00 AA 00 01 01 01 01 01 01 00 00 01 01 00 00 00 01 01 01 00 00 01 00 00 01 00 00 AA AA 00 01 01 01 01 01 01 00 00 01 01 00 00 00 01 01 01 00 00 01 00 00 01 00 00 AA 00 01 01 01 01 01 01 00 00 01 01 00 00 00 01 01 01 00 00 01 00 00 01 00 00 AA 00 00 AA 00 01 01 01 01 01 01 00 00 01 01 00 00 00 01 01 01 00 00 01 00 00 01 00 00 AA 00 01 01 01 01 01 01 00 00 01 01 00 00 00 01 01 01 00 00 01 00 00 01 00 00 AA AA 00 01 01 01 01 01 01 00 00 01 01 00 00 00 01 01 01 00 00 01 00 00 01 00 00 AA 00 01 01 01 01 01 01 00 00 01 01 00 00 00 01 01 01 00 00 01 00 00 01 00 00 AA AA AA AA AA AA AA AA AA AA AA AA AA 